ebl-ghg_little-plumpton_20170501_co2-ch4.na
65 1001
Pitt, Joseph; Allen, Grant
Centre for Atmospheric Science, School of Earth and Environmental Sciences, University of Manchester
Los Gatos Research Inc. Ultraportable Greenhouse Gas Analyser (UGGA) at Little Plumpton
Environmental Baseline Project
1 1
2017 05 01 2017 07 28
1
Time in minutes since 2017 05 01 00:00 UTC
4
1 1 1 1
9999.99 9 999999.99 9
Carbon Dioxide (CO2) dry mole fraction, in ppm
CO2 error flag
Methane (CH4) dry mole fraction, in ppb
CH4 error flag
4
THIS-FILE-NAME = ebl-ghg_little-plumpton_20170501_co2-ch4.na
THIS-FILE-VERSION = 1
THIS-FILE-ENDS = 2017 05 31
E-MAIL-CONTACT = Grant.Allen@manchester.ac.uk
43
Data are recorded at 1 Hz and reported here as 1 minute averages.

The mole fractions reported in this file have been corrected for the influence of water vapour using empirically derived scale factors, according to the method described by O'Shea et al., doi:10.5194/amt-6-1095-2013.
The water vapour coefficients used here are:
Co2a=1.00028       Co2b=-0.01104        Co2c=-0.00016
Ch4a=1.00030       Ch4b=-0.01432        Ch4c=-0.00002

The instrument has been calibrated using gases traceable to the World Meteorological Organisation (WMO) greenhouse gases scale.
The calibration gas mole fractions, as certified by EMPA, were:
Gas                  Scale            HIGH                       LOW
CO2 (ppm)            NOAA-2007        603.02  (1-sigma = 0.16)   403.69  (1-sigma = 0.11)
CH4 (ppb)            NOAA-2004A       5051.07 (1-sigma = 4.82)   1901.00 (1-sigma = 1.81)

Calibrations were performed on site, with calibration gas transported in 6 L air sample canisters.
Data are flagged as 1 for the entire period during which the sample inlet was disconnected from the instrument.
The data reported here have been corrected from the raw data according to the following linear relationship:
CO2 = CO2_raw*Gain_CO2 + Offset_CO2
CH4 = CH4_raw*Gain_CH4 + Offset_CH4

The coefficients used in this file were derived using average parameters from 12 calibrations performed between 19/09/2016 and 13/07/2017:
Gain_CO2 = 1.00134
Gain_CH4 = 1.00378
Offset_CO2 = -1.82 ppm
Offset_CH4 = -18.64 ppb

The instrument uncertainty can be quantified by combining the uncertainties associated with instrument drift and the uncertainties associated with the calibration cylinder certification (as given above for each cylinder).
Assuming these uncertainties are uncorrelated, we derive the following total 1-sigma uncertainties for measurements at the two different calibration mole fractions:
CO2 uncertainty at 403.69 ppm: 0.70 ppm
CO2 uncertainty at 603.02 ppm: 0.97 ppm
CH4 uncertainty at 1901.00 ppb: 3.69 ppb
CH4 uncertainty at 5051.07 ppb: 10.60 ppb

Similarly, the total 1-sigma uncertainties on the gain factors above are calculated to be:
Gain_CO2 uncertainty: 0.00221
Gain_CH4 uncertainty: 0.00268

More experiments are required to robustly quantify uncertainties associated with the water vapour correction, but the initial results suggest that these are much smaller than those given above.

In the event of publications using this data the author must contact Grant.Allen@manchester.ac.uk concerning co-authorship or acknowledgements, and make proper descriptions on the data sources in their references

0-Good data
1-Calibration
2-Bad/missing data
[from data line 41215]
41215 9999.99 2 999999.99 2
41216 9999.99 2 999999.99 2
41217 9999.99 2 999999.99 2
41218 9999.99 2 999999.99 2
41219 9999.99 2 999999.99 2
41220 9999.99 2 999999.99 2
41221 9999.99 2 999999.99 2
41222 9999.99 2 999999.99 2
41223 9999.99 2 999999.99 2
41224 9999.99 2 999999.99 2
41225 9999.99 2 999999.99 2
41226 9999.99 2 999999.99 2
41227 9999.99 2 999999.99 2
41228 9999.99 2 999999.99 2
41229 9999.99 2 999999.99 2
41230 9999.99 2 999999.99 2
41231 9999.99 2 999999.99 2
41232 9999.99 2 999999.99 2
41233 9999.99 2 999999.99 2
41234 9999.99 2 999999.99 2
41235 9999.99 2 999999.99 2
41236 9999.99 2 999999.99 2
41237 9999.99 2 999999.99 2
41238 9999.99 2 999999.99 2
41239 9999.99 2 999999.99 2
41240 9999.99 2 999999.99 2
41241 9999.99 2 999999.99 2
41242 9999.99 2 999999.99 2
41243 9999.99 2 999999.99 2
41244 9999.99 2 999999.99 2
41245 9999.99 2 999999.99 2
41246 9999.99 2 999999.99 2
41247 9999.99 2 999999.99 2
41248 9999.99 2 999999.99 2
41249 9999.99 2 999999.99 2
41250 9999.99 2 999999.99 2
41251 9999.99 2 999999.99 2
41252 9999.99 2 999999.99 2
41253 9999.99 2 999999.99 2
41254 9999.99 2 999999.99 2
41255 9999.99 2 999999.99 2
41256 9999.99 2 999999.99 2
41257 9999.99 2 999999.99 2
41258 9999.99 2 999999.99 2
41259 9999.99 2 999999.99 2
41260 9999.99 2 999999.99 2
41261 9999.99 2 999999.99 2
41262 9999.99 2 999999.99 2
41263 9999.99 2 999999.99 2
41264 9999.99 2 999999.99 2
41265 9999.99 2 999999.99 2
41266 9999.99 2 999999.99 2
41267 9999.99 2 999999.99 2
41268 9999.99 2 999999.99 2
41269 9999.99 2 999999.99 2
41270 9999.99 2 999999.99 2
41271 9999.99 2 999999.99 2
41272 9999.99 2 999999.99 2
41273 9999.99 2 999999.99 2
41274 9999.99 2 999999.99 2
41275 9999.99 2 999999.99 2
41276 9999.99 2 999999.99 2
41277 9999.99 2 999999.99 2
41278 9999.99 2 999999.99 2
41279 9999.99 2 999999.99 2
41280 9999.99 2 999999.99 2
41281 9999.99 2 999999.99 2
41282 9999.99 2 999999.99 2
41283 9999.99 2 999999.99 2
41284 9999.99 2 999999.99 2
41285 9999.99 2 999999.99 2
41286 9999.99 2 999999.99 2
41287 9999.99 2 999999.99 2
41288 9999.99 2 999999.99 2
41289 9999.99 2 999999.99 2
41290 9999.99 2 999999.99 2
41291 9999.99 2 999999.99 2
41292 9999.99 2 999999.99 2
41293 9999.99 2 999999.99 2
41294 9999.99 2 999999.99 2
41295 9999.99 2 999999.99 2
41296 9999.99 2 999999.99 2
41297 9999.99 2 999999.99 2
41298 9999.99 2 999999.99 2
41299 9999.99 2 999999.99 2
41300 9999.99 2 999999.99 2
41301 9999.99 2 999999.99 2
41302 9999.99 2 999999.99 2
41303 9999.99 2 999999.99 2
41304 9999.99 2 999999.99 2
41305 9999.99 2 999999.99 2
41306 9999.99 2 999999.99 2
41307 9999.99 2 999999.99 2
41308 9999.99 2 999999.99 2
41309 9999.99 2 999999.99 2
41310 9999.99 2 999999.99 2
41311 9999.99 2 999999.99 2
41312 9999.99 2 999999.99 2
41313 9999.99 2 999999.99 2
41314 9999.99 2 999999.99 2
41315 9999.99 2 999999.99 2
41316 9999.99 2 999999.99 2
41317 9999.99 2 999999.99 2
41318 9999.99 2 999999.99 2
41319 9999.99 2 999999.99 2
41320 9999.99 2 999999.99 2
41321 9999.99 2 999999.99 2
41322 9999.99 2 999999.99 2
41323 9999.99 2 999999.99 2
41324 9999.99 2 999999.99 2
41325 9999.99 2 999999.99 2
41326 9999.99 2 999999.99 2
41327 9999.99 2 999999.99 2
41328 9999.99 2 999999.99 2
41329 9999.99 2 999999.99 2
41330 9999.99 2 999999.99 2
41331 9999.99 2 999999.99 2
41332 9999.99 2 999999.99 2
41333 9999.99 2 999999.99 2
41334 9999.99 2 999999.99 2
41335 9999.99 2 999999.99 2
41336 9999.99 2 999999.99 2
41337 9999.99 2 999999.99 2
41338 9999.99 2 999999.99 2
41339 9999.99 2 999999.99 2
41340 9999.99 2 999999.99 2
41341 9999.99 2 999999.99 2
41342 9999.99 2 999999.99 2
41343 9999.99 2 999999.99 2
41344 9999.99 2 999999.99 2
41345 9999.99 2 999999.99 2
41346 9999.99 2 999999.99 2
41347 9999.99 2 999999.99 2
41348 9999.99 2 999999.99 2
41349 9999.99 2 999999.99 2
41350 9999.99 2 999999.99 2
41351 9999.99 2 999999.99 2
41352 9999.99 2 999999.99 2
41353 9999.99 2 999999.99 2
41354 9999.99 2 999999.99 2
41355 9999.99 2 999999.99 2
41356 9999.99 2 999999.99 2
41357 9999.99 2 999999.99 2
41358 9999.99 2 999999.99 2
41359 9999.99 2 999999.99 2
41360 9999.99 2 999999.99 2
41361 9999.99 2 999999.99 2
41362 9999.99 2 999999.99 2
41363 9999.99 2 999999.99 2
41364 9999.99 2 999999.99 2
41365 9999.99 2 999999.99 2
41366 9999.99 2 999999.99 2
41367 9999.99 2 999999.99 2
41368 9999.99 2 999999.99 2
41369 9999.99 2 999999.99 2
41370 9999.99 2 999999.99 2
41371 9999.99 2 999999.99 2
41372 9999.99 2 999999.99 2
41373 9999.99 2 999999.99 2
41374 9999.99 2 999999.99 2
41375 9999.99 2 999999.99 2
41376 9999.99 2 999999.99 2
41377 9999.99 2 999999.99 2
41378 9999.99 2 999999.99 2
41379 9999.99 2 999999.99 2
41380 9999.99 2 999999.99 2
41381 9999.99 2 999999.99 2
41382 9999.99 2 999999.99 2
41383 9999.99 2 999999.99 2
41384 9999.99 2 999999.99 2
41385 9999.99 2 999999.99 2
41386 9999.99 2 999999.99 2
41387 9999.99 2 999999.99 2
41388 9999.99 2 999999.99 2
41389 9999.99 2 999999.99 2
41390 9999.99 2 999999.99 2
41391 9999.99 2 999999.99 2
41392 9999.99 2 999999.99 2
41393 9999.99 2 999999.99 2
41394 9999.99 2 999999.99 2
41395 9999.99 2 999999.99 2
41396 9999.99 2 999999.99 2
41397 9999.99 2 999999.99 2
41398 9999.99 2 999999.99 2
41399 9999.99 2 999999.99 2
41400 9999.99 2 999999.99 2
41401 9999.99 2 999999.99 2
41402 9999.99 2 999999.99 2
41403 9999.99 2 999999.99 2
41404 9999.99 2 999999.99 2
41405 9999.99 2 999999.99 2
41406 9999.99 2 999999.99 2
41407 9999.99 2 999999.99 2
41408 9999.99 2 999999.99 2
41409 9999.99 2 999999.99 2
41410 9999.99 2 999999.99 2
41411 9999.99 2 999999.99 2
41412 9999.99 2 999999.99 2
41413 9999.99 2 999999.99 2
41414 9999.99 2 999999.99 2
41415 9999.99 2 999999.99 2
41416 9999.99 2 999999.99 2
41417 9999.99 2 999999.99 2
41418 9999.99 2 999999.99 2
41419 9999.99 2 999999.99 2
41420 9999.99 2 999999.99 2
41421 9999.99 2 999999.99 2
41422 9999.99 2 999999.99 2
41423 9999.99 2 999999.99 2
41424 9999.99 2 999999.99 2
41425 9999.99 2 999999.99 2
41426 9999.99 2 999999.99 2
41427 9999.99 2 999999.99 2
41428 9999.99 2 999999.99 2
41429 9999.99 2 999999.99 2
41430 9999.99 2 999999.99 2
41431 9999.99 2 999999.99 2
41432 9999.99 2 999999.99 2
41433 9999.99 2 999999.99 2
41434 9999.99 2 999999.99 2
41435 9999.99 2 999999.99 2
41436 9999.99 2 999999.99 2
41437 9999.99 2 999999.99 2
41438 9999.99 2 999999.99 2
41439 9999.99 2 999999.99 2
41440 9999.99 2 999999.99 2
41441 9999.99 2 999999.99 2
41442 9999.99 2 999999.99 2
41443 9999.99 2 999999.99 2
41444 9999.99 2 999999.99 2
41445 9999.99 2 999999.99 2
41446 9999.99 2 999999.99 2
41447 9999.99 2 999999.99 2
41448 9999.99 2 999999.99 2
41449 9999.99 2 999999.99 2
41450 9999.99 2 999999.99 2
41451 9999.99 2 999999.99 2
41452 9999.99 2 999999.99 2
41453 9999.99 2 999999.99 2
41454 9999.99 2 999999.99 2
41455 9999.99 2 999999.99 2
41456 9999.99 2 999999.99 2
41457 9999.99 2 999999.99 2
41458 9999.99 2 999999.99 2
41459 9999.99 2 999999.99 2
41460 9999.99 2 999999.99 2
41461 9999.99 2 999999.99 2
41462 9999.99 2 999999.99 2
41463 9999.99 2 999999.99 2
41464 9999.99 2 999999.99 2
41465 9999.99 2 999999.99 2
41466 9999.99 2 999999.99 2
41467 9999.99 2 999999.99 2
41468 9999.99 2 999999.99 2
41469 9999.99 2 999999.99 2
41470 9999.99 2 999999.99 2
41471 9999.99 2 999999.99 2
41472 9999.99 2 999999.99 2
41473 9999.99 2 999999.99 2
41474 9999.99 2 999999.99 2
41475 9999.99 2 999999.99 2
41476 9999.99 2 999999.99 2
41477 9999.99 2 999999.99 2
41478 9999.99 2 999999.99 2
41479 9999.99 2 999999.99 2
41480 9999.99 2 999999.99 2
41481 9999.99 2 999999.99 2
41482 9999.99 2 999999.99 2
41483 9999.99 2 999999.99 2
41484 9999.99 2 999999.99 2
41485 9999.99 2 999999.99 2
41486 9999.99 2 999999.99 2
41487 9999.99 2 999999.99 2
41488 9999.99 2 999999.99 2
41489 9999.99 2 999999.99 2
41490 9999.99 2 999999.99 2
41491 9999.99 2 999999.99 2
41492 9999.99 2 999999.99 2
41493 9999.99 2 999999.99 2
41494 9999.99 2 999999.99 2
41495 9999.99 2 999999.99 2
41496 9999.99 2 999999.99 2
41497 9999.99 2 999999.99 2
41498 9999.99 2 999999.99 2
41499 9999.99 2 999999.99 2
41500 9999.99 2 999999.99 2
41501 9999.99 2 999999.99 2
41502 9999.99 2 999999.99 2
41503 9999.99 2 999999.99 2
41504 9999.99 2 999999.99 2
41505 9999.99 2 999999.99 2
41506 9999.99 2 999999.99 2
41507 9999.99 2 999999.99 2
41508 9999.99 2 999999.99 2
41509 9999.99 2 999999.99 2
41510 9999.99 2 999999.99 2
41511 9999.99 2 999999.99 2
41512 9999.99 2 999999.99 2
41513 9999.99 2 999999.99 2
41514 9999.99 2 999999.99 2
41515 9999.99 2 999999.99 2
41516 9999.99 2 999999.99 2
41517 9999.99 2 999999.99 2
41518 9999.99 2 999999.99 2
41519 9999.99 2 999999.99 2
41520 9999.99 2 999999.99 2
41521 9999.99 2 999999.99 2
41522 9999.99 2 999999.99 2
41523 9999.99 2 999999.99 2
41524 9999.99 2 999999.99 2
41525 9999.99 2 999999.99 2
41526 9999.99 2 999999.99 2
41527 9999.99 2 999999.99 2
41528 9999.99 2 999999.99 2
41529 9999.99 2 999999.99 2
41530 9999.99 2 999999.99 2
41531 9999.99 2 999999.99 2
41532 9999.99 2 999999.99 2
41533 9999.99 2 999999.99 2
41534 9999.99 2 999999.99 2
41535 9999.99 2 999999.99 2
41536 9999.99 2 999999.99 2
41537 9999.99 2 999999.99 2
41538 9999.99 2 999999.99 2
41539 9999.99 2 999999.99 2
41540 9999.99 2 999999.99 2
41541 9999.99 2 999999.99 2
41542 9999.99 2 999999.99 2
41543 9999.99 2 999999.99 2
41544 9999.99 2 999999.99 2
41545 9999.99 2 999999.99 2
41546 9999.99 2 999999.99 2
41547 9999.99 2 999999.99 2
41548 9999.99 2 999999.99 2
41549 9999.99 2 999999.99 2
41550 9999.99 2 999999.99 2
41551 9999.99 2 999999.99 2
41552 9999.99 2 999999.99 2
41553 9999.99 2 999999.99 2
41554 9999.99 2 999999.99 2
41555 9999.99 2 999999.99 2
41556 9999.99 2 999999.99 2
41557 9999.99 2 999999.99 2
41558 9999.99 2 999999.99 2
41559 9999.99 2 999999.99 2
41560 9999.99 2 999999.99 2
41561 9999.99 2 999999.99 2
41562 9999.99 2 999999.99 2
41563 9999.99 2 999999.99 2
41564 9999.99 2 999999.99 2
41565 9999.99 2 999999.99 2
41566 9999.99 2 999999.99 2
41567 9999.99 2 999999.99 2
41568 9999.99 2 999999.99 2
41569 9999.99 2 999999.99 2
41570 9999.99 2 999999.99 2
41571 9999.99 2 999999.99 2
41572 9999.99 2 999999.99 2
41573 9999.99 2 999999.99 2
41574 9999.99 2 999999.99 2
41575 9999.99 2 999999.99 2
41576 9999.99 2 999999.99 2
41577 9999.99 2 999999.99 2
41578 9999.99 2 999999.99 2
41579 9999.99 2 999999.99 2
41580 9999.99 2 999999.99 2
41581 9999.99 2 999999.99 2
41582 9999.99 2 999999.99 2
41583 9999.99 2 999999.99 2
41584 9999.99 2 999999.99 2
41585 9999.99 2 999999.99 2
41586 9999.99 2 999999.99 2
41587 9999.99 2 999999.99 2
41588 9999.99 2 999999.99 2
41589 9999.99 2 999999.99 2
41590 9999.99 2 999999.99 2
41591 9999.99 2 999999.99 2
41592 9999.99 2 999999.99 2
41593 9999.99 2 999999.99 2
41594 9999.99 2 999999.99 2
41595 9999.99 2 999999.99 2
41596 9999.99 2 999999.99 2
41597 9999.99 2 999999.99 2
41598 9999.99 2 999999.99 2
41599 9999.99 2 999999.99 2
41600 9999.99 2 999999.99 2
41601 9999.99 2 999999.99 2
41602 9999.99 2 999999.99 2
41603 9999.99 2 999999.99 2
41604 9999.99 2 999999.99 2
41605 9999.99 2 999999.99 2
41606 9999.99 2 999999.99 2
41607 9999.99 2 999999.99 2
41608 9999.99 2 999999.99 2
41609 9999.99 2 999999.99 2
41610 9999.99 2 999999.99 2
41611 9999.99 2 999999.99 2
41612 9999.99 2 999999.99 2
41613 9999.99 2 999999.99 2
41614 9999.99 2 999999.99 2
41615 9999.99 2 999999.99 2
41616 9999.99 2 999999.99 2
41617 9999.99 2 999999.99 2
41618 9999.99 2 999999.99 2
41619 9999.99 2 999999.99 2
41620 9999.99 2 999999.99 2
41621 9999.99 2 999999.99 2
41622 9999.99 2 999999.99 2
41623 9999.99 2 999999.99 2
41624 9999.99 2 999999.99 2
41625 9999.99 2 999999.99 2
41626 9999.99 2 999999.99 2
41627 9999.99 2 999999.99 2
41628 9999.99 2 999999.99 2
41629 9999.99 2 999999.99 2
41630 9999.99 2 999999.99 2
41631 9999.99 2 999999.99 2
41632 9999.99 2 999999.99 2
41633 9999.99 2 999999.99 2
41634 9999.99 2 999999.99 2
41635 9999.99 2 999999.99 2
41636 9999.99 2 999999.99 2
41637 9999.99 2 999999.99 2
41638 9999.99 2 999999.99 2
41639 9999.99 2 999999.99 2
41640 9999.99 2 999999.99 2
41641 9999.99 2 999999.99 2
41642 9999.99 2 999999.99 2
41643 9999.99 2 999999.99 2
41644 9999.99 2 999999.99 2
41645 9999.99 2 999999.99 2
41646 9999.99 2 999999.99 2
41647 9999.99 2 999999.99 2
41648 9999.99 2 999999.99 2
41649 9999.99 2 999999.99 2
41650 9999.99 2 999999.99 2
41651 9999.99 2 999999.99 2
41652 9999.99 2 999999.99 2
41653 9999.99 2 999999.99 2
41654 9999.99 2 999999.99 2
41655 9999.99 2 999999.99 2
41656 9999.99 2 999999.99 2
41657 9999.99 2 999999.99 2
41658 9999.99 2 999999.99 2
41659 9999.99 2 999999.99 2
41660 9999.99 2 999999.99 2
41661 9999.99 2 999999.99 2
41662 9999.99 2 999999.99 2
41663 9999.99 2 999999.99 2
41664 9999.99 2 999999.99 2
41665 9999.99 2 999999.99 2
41666 9999.99 2 999999.99 2
41667 9999.99 2 999999.99 2
41668 9999.99 2 999999.99 2
41669 9999.99 2 999999.99 2
41670 444.42 0 2598.93 0
41671 448.83 0 2968.08 0
41672 450.31 0 2672.25 0
41673 450.83 0 2796.48 0
41674 446.88 0 2276.04 0
41675 453.08 0 2946.58 0
41676 450.45 0 2907.48 0
41677 437.08 0 2249.95 0
41678 442.27 0 2497.21 0
41679 435.80 0 2337.32 0
41680 439.99 0 2743.41 0
41681 431.89 0 2291.22 0
41682 437.06 0 2233.46 0
41683 432.35 0 2262.26 0
41684 431.43 0 2241.63 0
41685 442.29 0 3535.76 0
41686 433.32 0 2231.47 0
41687 428.04 0 2113.05 0
41688 427.90 0 2306.02 0
41689 442.59 0 3016.55 0
41690 437.43 0 2323.79 0
41691 436.47 0 2369.96 0
41692 435.72 0 2324.56 0
41693 434.55 0 2397.54 0
41694 431.17 0 2246.44 0
41695 434.34 0 2436.15 0
41696 431.89 0 2287.24 0
41697 430.56 0 2235.09 0
41698 436.95 0 2540.68 0
41699 433.16 0 2292.28 0
41700 432.78 0 2352.59 0
41701 436.41 0 2428.65 0
41702 428.02 0 2228.23 0
41703 428.95 0 2298.91 0
41704 432.21 0 2292.54 0
41705 435.78 0 2542.04 0
41706 431.06 0 2379.01 0
41707 430.96 0 2280.20 0
41708 425.51 0 2083.02 0
41709 427.11 0 2246.10 0
41710 426.57 0 2181.03 0
41711 427.49 0 2299.87 0
41712 425.00 0 2136.52 0
41713 427.08 0 2228.94 0
41714 431.96 0 2403.52 0
41715 430.67 0 2365.55 0
41716 429.67 0 2329.69 0
41717 431.24 0 2321.43 0
41718 430.23 0 2211.79 0
41719 433.36 0 2393.49 0
41720 428.77 0 2267.21 0
41721 431.18 0 2232.24 0
41722 431.31 0 2273.09 0
41723 432.48 0 2265.12 0
41724 428.72 0 2281.26 0
41725 428.76 0 2255.26 0
41726 430.13 0 2373.28 0
41727 431.53 0 2363.05 0
41728 430.54 0 2290.34 0
41729 434.80 0 2498.61 0
41730 430.70 0 2378.57 0
41731 429.01 0 2274.89 0
41732 427.98 0 2211.19 0
41733 425.54 0 2156.67 0
41734 427.31 0 2268.35 0
41735 426.46 0 2111.46 0
41736 429.37 0 2210.97 0
41737 429.01 0 2182.41 0
41738 428.34 0 2165.83 0
41739 428.44 0 2276.74 0
41740 429.06 0 2249.02 0
41741 426.34 0 2119.86 0
41742 425.94 0 2135.15 0
41743 428.26 0 2156.73 0
41744 425.61 0 2084.96 0
41745 425.23 0 2131.09 0
41746 425.07 0 2130.11 0
41747 425.72 0 2160.71 0
41748 426.07 0 2249.02 0
41749 424.88 0 2145.52 0
41750 424.21 0 2177.28 0
41751 425.24 0 2167.05 0
41752 422.14 0 2112.55 0
41753 426.03 0 2229.42 0
41754 426.97 0 2278.76 0
41755 423.93 0 2112.51 0
41756 423.73 0 2185.24 0
41757 424.94 0 2238.26 0
41758 426.16 0 2347.11 0
41759 423.06 0 2131.73 0
41760 423.74 0 2171.78 0
41761 427.09 0 2270.23 0
41762 426.88 0 2261.93 0
41763 424.27 0 2244.56 0
41764 423.85 0 2187.09 0
41765 425.75 0 2181.06 0
41766 430.50 0 2342.04 0
41767 429.09 0 2304.36 0
41768 426.86 0 2245.89 0
41769 426.32 0 2283.78 0
41770 423.98 0 2133.90 0
41771 427.96 0 2263.78 0
41772 427.36 0 2211.69 0
41773 424.85 0 2136.82 0
41774 428.12 0 2298.59 0
41775 427.08 0 2226.94 0
41776 424.43 0 2168.59 0
41777 431.60 0 2529.65 0
41778 431.09 0 2313.32 0
41779 429.87 0 2317.55 0
41780 426.68 0 2216.92 0
41781 427.08 0 2193.25 0
41782 427.95 0 2284.64 0
41783 429.41 0 2250.75 0
41784 424.80 0 2055.07 0
41785 425.34 0 2154.34 0
41786 429.34 0 2226.09 0
41787 425.68 0 2099.28 0
41788 424.96 0 2099.06 0
41789 424.29 0 2042.57 0
41790 428.68 0 2209.77 0
41791 430.86 0 2317.30 0
41792 425.16 0 2093.95 0
41793 428.42 0 2217.23 0
41794 431.36 0 2271.53 0
41795 429.30 0 2260.25 0
41796 428.54 0 2302.23 0
41797 429.58 0 2402.67 0
41798 429.70 0 2404.67 0
