ebl-ghg_little-plumpton_20170301_co2-ch4.na
65 1001
Pitt, Joseph; Allen, Grant
Centre for Atmospheric Science, School of Earth and Environmental Sciences, University of Manchester
Los Gatos Research Inc. Ultraportable Greenhouse Gas Analyser (UGGA) at Little Plumpton
Environmental Baseline Project
1 1
2017 03 01 2017 07 28
1
Time in minutes since 2017 03 01 00:00 UTC
4
1 1 1 1
9999.99 9 999999.99 9
Carbon Dioxide (CO2) dry mole fraction, in ppm
CO2 error flag
Methane (CH4) dry mole fraction, in ppb
CH4 error flag
4
THIS-FILE-NAME = ebl-ghg_little-plumpton_20170301_co2-ch4.na
THIS-FILE-VERSION = 1
THIS-FILE-ENDS = 2017 03 31
E-MAIL-CONTACT = Grant.Allen@manchester.ac.uk
43
Data are recorded at 1 Hz and reported here as 1 minute averages.

The mole fractions reported in this file have been corrected for the influence of water vapour using empirically derived scale factors, according to the method described by O'Shea et al., doi:10.5194/amt-6-1095-2013.
The water vapour coefficients used here are:
Co2a=1.00028       Co2b=-0.01104        Co2c=-0.00016
Ch4a=1.00030       Ch4b=-0.01432        Ch4c=-0.00002

The instrument has been calibrated using gases traceable to the World Meteorological Organisation (WMO) greenhouse gases scale.
The calibration gas mole fractions, as certified by EMPA, were:
Gas                  Scale            HIGH                       LOW
CO2 (ppm)            NOAA-2007        603.02  (1-sigma = 0.16)   403.69  (1-sigma = 0.11)
CH4 (ppb)            NOAA-2004A       5051.07 (1-sigma = 4.82)   1901.00 (1-sigma = 1.81)

Calibrations were performed on site, with calibration gas transported in 6 L air sample canisters.
Data are flagged as 1 for the entire period during which the sample inlet was disconnected from the instrument.
The data reported here have been corrected from the raw data according to the following linear relationship:
CO2 = CO2_raw*Gain_CO2 + Offset_CO2
CH4 = CH4_raw*Gain_CH4 + Offset_CH4

The coefficients used in this file were derived using average parameters from 12 calibrations performed between 19/09/2016 and 13/07/2017:
Gain_CO2 = 1.00134
Gain_CH4 = 1.00378
Offset_CO2 = -1.82 ppm
Offset_CH4 = -18.64 ppb

The instrument uncertainty can be quantified by combining the uncertainties associated with instrument drift and the uncertainties associated with the calibration cylinder certification (as given above for each cylinder).
Assuming these uncertainties are uncorrelated, we derive the following total 1-sigma uncertainties for measurements at the two different calibration mole fractions:
CO2 uncertainty at 403.69 ppm: 0.70 ppm
CO2 uncertainty at 603.02 ppm: 0.97 ppm
CH4 uncertainty at 1901.00 ppb: 3.69 ppb
CH4 uncertainty at 5051.07 ppb: 10.60 ppb

Similarly, the total 1-sigma uncertainties on the gain factors above are calculated to be:
Gain_CO2 uncertainty: 0.00221
Gain_CH4 uncertainty: 0.00268

More experiments are required to robustly quantify uncertainties associated with the water vapour correction, but the initial results suggest that these are much smaller than those given above.

In the event of publications using this data the author must contact Grant.Allen@manchester.ac.uk concerning co-authorship or acknowledgements, and make proper descriptions on the data sources in their references

0-Good data
1-Calibration
2-Bad/missing data
[from data line 13245]
13245 434.26 0 2157.14 0
13246 434.39 0 2155.83 0
13247 434.72 0 2156.09 0
13248 434.37 0 2166.11 0
13249 434.27 0 2159.98 0
13250 434.82 0 2158.01 0
13251 433.98 0 2156.08 0
13252 434.45 0 2163.35 0
13253 434.36 0 2166.41 0
13254 434.86 0 2165.58 0
13255 434.71 0 2163.34 0
13256 434.45 0 2160.35 0
13257 434.68 0 2162.56 0
13258 434.39 0 2162.70 0
13259 434.29 0 2168.61 0
13260 433.60 0 2155.45 0
13261 433.76 0 2161.94 0
13262 433.37 0 2146.56 0
13263 433.21 0 2152.72 0
13264 433.63 0 2145.60 0
13265 434.44 0 2144.59 0
13266 433.25 0 2130.26 0
13267 433.87 0 2141.84 0
13268 433.64 0 2138.64 0
13269 434.22 0 2134.57 0
13270 433.75 0 2142.65 0
13271 434.44 0 2163.14 0
13272 434.83 0 2175.22 0
13273 433.87 0 2172.22 0
13274 433.95 0 2179.19 0
13275 434.07 0 2177.42 0
13276 434.11 0 2155.18 0
13277 433.25 0 2132.86 0
13278 433.59 0 2160.12 0
13279 433.66 0 2166.31 0
13280 432.73 0 2173.29 0
13281 432.81 0 2170.46 0
13282 432.97 0 2154.36 0
13283 433.45 0 2141.18 0
13284 432.85 0 2174.38 0
13285 433.27 0 2172.63 0
13286 433.91 0 2171.36 0
13287 433.64 0 2171.64 0
13288 433.05 0 2152.30 0
13289 433.94 0 2148.12 0
13290 433.24 0 2151.15 0
13291 433.49 0 2174.75 0
13292 433.86 0 2195.20 0
13293 433.45 0 2162.55 0
13294 433.72 0 2169.50 0
13295 432.90 0 2123.95 0
13296 433.23 0 2118.79 0
13297 434.42 0 2129.94 0
13298 433.16 0 2154.48 0
13299 433.32 0 2180.77 0
13300 433.36 0 2158.84 0
13301 433.12 0 2161.60 0
13302 433.06 0 2158.85 0
13303 433.29 0 2170.13 0
13304 432.98 0 2197.47 0
13305 431.68 0 2140.59 0
13306 432.44 0 2156.97 0
13307 433.29 0 2176.39 0
13308 432.68 0 2167.19 0
13309 433.41 0 2176.50 0
13310 433.63 0 2221.42 0
13311 433.77 0 2216.32 0
13312 432.89 0 2157.09 0
13313 433.92 0 2178.74 0
13314 433.44 0 2153.16 0
13315 432.76 0 2137.95 0
13316 432.43 0 2132.15 0
13317 432.83 0 2129.95 0
13318 432.43 0 2145.36 0
13319 433.57 0 2150.47 0
13320 433.57 0 2133.11 0
13321 433.99 0 2158.50 0
13322 434.65 0 2168.83 0
13323 433.98 0 2149.37 0
13324 434.08 0 2153.37 0
13325 433.69 0 2173.89 0
13326 435.01 0 2191.94 0
13327 433.97 0 2150.98 0
13328 433.70 0 2179.64 0
13329 434.35 0 2170.44 0
13330 434.66 0 2151.00 0
13331 434.80 0 2168.25 0
13332 434.64 0 2172.60 0
13333 434.85 0 2165.37 0
13334 435.30 0 2174.52 0
13335 435.69 0 2159.43 0
13336 436.02 0 2187.95 0
13337 436.25 0 2202.96 0
13338 435.61 0 2191.00 0
13339 435.55 0 2203.34 0
13340 435.70 0 2208.30 0
13341 436.10 0 2198.50 0
13342 436.73 0 2215.59 0
13343 435.83 0 2177.30 0
13344 436.62 0 2213.69 0
13345 436.47 0 2217.81 0
13346 437.13 0 2236.35 0
13347 437.50 0 2218.81 0
13348 436.88 0 2194.79 0
13349 437.32 0 2216.03 0
13350 436.78 0 2179.08 0
13351 437.03 0 2194.46 0
13352 437.27 0 2230.11 0
13353 437.60 0 2224.03 0
13354 437.87 0 2239.46 0
13355 438.42 0 2228.37 0
13356 438.83 0 2216.11 0
13357 438.80 0 2192.69 0
13358 438.70 0 2178.69 0
13359 438.58 0 2211.88 0
13360 439.22 0 2195.69 0
13361 439.38 0 2199.77 0
13362 439.16 0 2185.85 0
13363 439.43 0 2222.36 0
13364 440.30 0 2196.02 0
13365 439.83 0 2175.73 0
13366 439.42 0 2185.76 0
13367 439.35 0 2171.61 0
13368 440.55 0 2186.01 0
13369 439.38 0 2168.63 0
13370 439.40 0 2172.57 0
13371 439.92 0 2174.86 0
13372 439.79 0 2179.04 0
13373 439.97 0 2175.88 0
13374 439.68 0 2177.80 0
13375 440.88 0 2180.87 0
13376 440.38 0 2181.07 0
13377 439.50 0 2174.06 0
13378 440.15 0 2177.04 0
13379 440.52 0 2178.23 0
13380 439.42 0 2177.26 0
13381 439.46 0 2175.08 0
13382 439.72 0 2175.02 0
13383 438.78 0 2177.32 0
13384 439.44 0 2177.36 0
13385 439.05 0 2175.24 0
13386 438.22 0 2174.51 0
13387 438.17 0 2178.46 0
13388 439.11 0 2182.57 0
13389 438.09 0 2181.54 0
13390 438.03 0 2176.72 0
13391 438.23 0 2176.71 0
13392 437.75 0 2172.60 0
13393 437.06 0 2172.77 0
13394 437.02 0 2173.51 0
13395 437.09 0 2171.75 0
13396 438.17 0 2190.93 0
13397 436.73 0 2171.53 0
13398 436.95 0 2173.65 0
13399 437.18 0 2171.88 0
13400 437.95 0 2175.89 0
13401 436.95 0 2171.91 0
13402 437.57 0 2176.96 0
13403 437.24 0 2186.08 0
13404 437.03 0 2182.82 0
13405 437.82 0 2211.73 0
13406 437.56 0 2185.21 0
13407 437.31 0 2184.25 0
13408 436.95 0 2181.14 0
13409 436.69 0 2180.22 0
13410 436.84 0 2183.30 0
13411 437.29 0 2191.35 0
13412 437.49 0 2191.65 0
13413 437.37 0 2192.56 0
13414 437.56 0 2200.63 0
13415 437.93 0 2183.56 0
13416 438.31 0 2189.64 0
13417 437.38 0 2184.76 0
13418 437.15 0 2181.58 0
13419 437.60 0 2201.36 0
13420 438.64 0 2226.41 0
13421 437.52 0 2229.62 0
13422 438.03 0 2244.08 0
13423 437.04 0 2222.64 0
13424 436.77 0 2232.97 0
13425 436.73 0 2244.11 0
13426 437.22 0 2230.03 0
13427 436.24 0 2240.14 0
13428 436.63 0 2272.82 0
13429 436.47 0 2245.31 0
13430 436.21 0 2268.67 0
13431 436.10 0 2260.89 0
13432 436.00 0 2238.46 0
13433 435.15 0 2237.54 0
13434 435.41 0 2239.57 0
13435 435.25 0 2234.45 0
13436 435.39 0 2244.75 0
13437 434.95 0 2204.94 0
13438 435.25 0 2244.81 0
13439 434.66 0 2216.26 0
13440 434.95 0 2214.10 0
13441 434.68 0 2197.97 0
13442 436.21 0 2231.75 0
13443 435.02 0 2218.36 0
13444 435.50 0 2243.89 0
13445 434.83 0 2211.30 0
13446 435.32 0 2222.94 0
13447 433.97 0 2205.50 0
13448 434.38 0 2190.90 0
13449 435.04 0 2222.83 0
13450 435.15 0 2229.72 0
13451 434.87 0 2201.44 0
13452 434.45 0 2176.95 0
13453 435.87 0 2182.78 0
13454 435.61 0 2191.05 0
13455 435.70 0 2187.00 0
13456 435.34 0 2198.34 0
13457 435.22 0 2195.22 0
13458 435.36 0 2193.47 0
13459 435.37 0 2184.99 0
13460 434.99 0 2200.42 0
13461 434.63 0 2176.89 0
13462 436.90 0 2194.34 0
13463 434.05 0 2181.07 0
13464 434.39 0 2170.00 0
13465 434.69 0 2178.79 0
13466 434.62 0 2175.95 0
13467 435.36 0 2199.41 0
13468 434.19 0 2173.20 0
13469 434.26 0 2168.17 0
13470 434.49 0 2165.97 0
13471 434.09 0 2173.87 0
13472 433.71 0 2185.08 0
13473 433.73 0 2176.09 0
13474 433.20 0 2172.06 0
13475 433.64 0 2181.06 0
13476 433.23 0 2163.87 0
13477 433.35 0 2168.05 0
13478 432.37 0 2168.10 0
13479 432.72 0 2178.00 0
13480 432.05 0 2173.98 0
13481 431.12 0 2172.36 0
13482 431.89 0 2165.22 0
13483 432.72 0 2187.77 0
13484 432.63 0 2180.68 0
13485 432.28 0 2173.45 0
13486 432.30 0 2190.02 0
13487 432.22 0 2163.51 0
13488 431.93 0 2167.42 0
13489 431.73 0 2166.21 0
13490 430.77 0 2167.56 0
13491 432.93 0 2194.39 0
13492 431.85 0 2179.84 0
13493 431.11 0 2174.01 0
13494 431.01 0 2191.36 0
13495 430.17 0 2175.77 0
13496 430.23 0 2163.84 0
13497 430.26 0 2162.05 0
13498 430.12 0 2167.03 0
13499 431.99 0 2165.93 0
13500 430.90 0 2168.99 0
13501 431.16 0 2148.82 0
13502 431.60 0 2149.73 0
13503 431.91 0 2164.08 0
13504 431.29 0 2170.23 0
13505 430.42 0 2161.88 0
13506 431.04 0 2175.45 0
13507 432.10 0 2174.64 0
13508 431.54 0 2170.48 0
13509 430.90 0 2163.03 0
13510 430.71 0 2181.60 0
13511 430.83 0 2165.20 0
13512 430.94 0 2158.27 0
13513 430.77 0 2156.23 0
13514 430.72 0 2168.55 0
13515 430.59 0 2194.15 0
13516 430.56 0 2170.72 0
13517 430.40 0 2160.80 0
13518 429.70 0 2156.70 0
13519 430.18 0 2156.68 0
13520 428.90 0 2160.56 0
13521 430.18 0 2150.93 0
13522 429.82 0 2159.00 0
13523 429.71 0 2154.34 0
13524 429.96 0 2150.04 0
13525 429.43 0 2163.10 0
13526 430.25 0 2135.89 0
13527 430.31 0 2137.63 0
13528 429.71 0 2139.71 0
13529 429.06 0 2151.37 0
13530 428.93 0 2148.24 0
13531 429.71 0 2138.36 0
13532 429.30 0 2147.59 0
13533 429.89 0 2141.48 0
13534 429.00 0 2141.48 0
13535 429.70 0 2133.45 0
13536 430.98 0 2139.58 0
13537 428.90 0 2147.89 0
13538 428.70 0 2139.82 0
13539 429.42 0 2138.73 0
13540 429.34 0 2144.03 0
13541 429.07 0 2138.19 0
13542 429.75 0 2141.11 0
13543 430.00 0 2143.35 0
13544 430.32 0 2140.58 0
13545 429.83 0 2139.22 0
13546 430.44 0 2146.34 0
13547 429.51 0 2137.19 0
13548 429.40 0 2147.48 0
13549 429.57 0 2140.41 0
13550 429.24 0 2142.48 0
13551 428.89 0 2146.36 0
13552 429.34 0 2146.57 0
13553 428.29 0 2133.33 0
13554 429.15 0 2146.54 0
13555 428.85 0 2146.32 0
13556 429.06 0 2134.99 0
13557 428.29 0 2139.77 0
13558 428.50 0 2134.07 0
13559 428.91 0 2134.89 0
13560 429.66 0 2129.91 0
13561 429.16 0 2136.67 0
13562 428.99 0 2127.65 0
13563 428.46 0 2143.60 0
13564 428.21 0 2139.28 0
13565 428.25 0 2146.74 0
13566 428.07 0 2154.75 0
13567 428.08 0 2149.65 0
13568 427.79 0 2156.22 0
13569 428.40 0 2140.70 0
13570 427.64 0 2152.01 0
13571 428.83 0 2147.11 0
13572 428.97 0 2141.69 0
13573 427.87 0 2144.45 0
13574 428.51 0 2136.49 0
13575 428.43 0 2137.30 0
13576 429.23 0 2136.96 0
13577 428.89 0 2140.45 0
13578 428.69 0 2137.85 0
13579 429.20 0 2149.56 0
13580 430.18 0 2157.37 0
13581 429.26 0 2142.81 0
13582 429.79 0 2136.75 0
13583 429.84 0 2146.14 0
13584 429.54 0 2142.72 0
13585 429.80 0 2140.82 0
13586 429.09 0 2138.51 0
13587 428.17 0 2155.09 0
13588 428.90 0 2170.42 0
13589 428.42 0 2141.82 0
13590 429.97 0 2138.60 0
13591 430.23 0 2141.18 0
13592 429.69 0 2133.97 0
13593 429.32 0 2146.18 0
13594 428.97 0 2140.00 0
13595 429.27 0 2134.93 0
13596 427.98 0 2136.59 0
13597 428.87 0 2132.77 0
13598 429.76 0 2127.02 0
13599 429.75 0 2136.06 0
13600 429.13 0 2145.41 0
13601 430.17 0 2140.26 0
13602 429.26 0 2167.54 0
13603 429.07 0 2156.20 0
13604 428.77 0 2148.34 0
13605 429.01 0 2146.22 0
13606 429.52 0 2154.33 0
13607 429.72 0 2157.18 0
13608 429.14 0 2148.21 0
13609 428.38 0 2166.64 0
13610 427.83 0 2174.88 0
13611 428.05 0 2157.74 0
13612 428.63 0 2170.11 0
13613 427.80 0 2159.82 0
13614 427.96 0 2149.67 0
13615 428.35 0 2172.26 0
13616 428.64 0 2152.66 0
13617 428.08 0 2163.32 0
13618 428.55 0 2166.19 0
13619 428.81 0 2169.45 0
13620 428.39 0 2159.04 0
13621 428.30 0 2163.24 0
13622 429.04 0 2171.23 0
13623 428.15 0 2168.29 0
13624 428.32 0 2168.37 0
13625 427.63 0 2178.53 0
13626 429.10 0 2169.20 0
13627 428.28 0 2167.32 0
13628 430.09 0 2177.74 0
13629 428.04 0 2175.48 0
13630 427.29 0 2172.79 0
13631 426.84 0 2158.47 0
13632 425.69 0 2177.13 0
13633 426.72 0 2175.30 0
13634 426.37 0 2171.50 0
13635 427.21 0 2173.90 0
13636 428.01 0 2168.78 0
13637 428.78 0 2183.87 0
13638 428.37 0 2166.31 0
13639 428.10 0 2163.26 0
13640 428.76 0 2158.27 0
13641 426.85 0 2178.61 0
13642 427.99 0 2165.39 0
13643 427.89 0 2157.49 0
13644 427.49 0 2163.16 0
13645 428.77 0 2160.34 0
13646 427.73 0 2158.50 0
13647 427.32 0 2166.74 0
13648 427.48 0 2160.65 0
13649 427.54 0 2165.75 0
13650 427.66 0 2168.65 0
13651 427.37 0 2157.13 0
13652 427.15 0 2155.37 0
13653 427.44 0 2159.52 0
13654 426.34 0 2155.77 0
13655 426.46 0 2158.65 0
13656 426.14 0 2154.69 0
13657 425.44 0 2169.93 0
13658 426.92 0 2162.06 0
13659 428.04 0 2152.74 0
13660 428.88 0 2157.95 0
13661 427.62 0 2153.78 0
13662 426.66 0 2158.83 0
13663 427.44 0 2151.46 0
13664 427.58 0 2151.66 0
13665 426.73 0 2150.52 0
13666 426.46 0 2155.66 0
13667 426.53 0 2153.68 0
13668 427.11 0 2234.36 0
13669 426.40 0 2152.61 0
13670 427.47 0 2145.56 0
13671 426.47 0 2147.48 0
13672 426.77 0 2145.27 0
13673 426.94 0 2144.31 0
13674 426.99 0 2145.20 0
13675 427.13 0 2151.16 0
13676 426.22 0 2152.55 0
13677 426.50 1 2158.59 1
13678 439.31 1 2161.97 1
13679 456.14 1 2103.48 1
13680 431.87 1 2161.22 1
13681 429.97 1 2171.56 1
13682 429.62 1 2160.72 1
13683 431.21 1 2117.98 1
13684 403.46 1 1904.01 1
13685 403.74 1 1901.95 1
13686 403.41 1 1902.79 1
13687 403.72 1 1902.51 1
13688 403.74 1 1904.33 1
13689 403.82 1 1901.46 1
13690 403.96 1 1903.04 1
13691 404.21 1 1902.14 1
13692 404.00 1 1901.25 1
13693 403.85 1 1902.92 1
13694 403.98 1 1903.99 1
13695 403.71 1 1901.94 1
13696 404.18 1 1903.03 1
13697 404.11 1 1901.12 1
13698 410.56 1 1970.64 1
13699 418.30 1 2017.40 1
13700 438.80 1 2045.86 1
13701 462.09 1 2119.30 1
13702 472.96 1 2157.35 1
13703 475.45 1 2154.54 1
13704 493.45 1 2164.69 1
13705 642.02 1 2181.41 1
13706 546.20 1 2166.76 1
13707 544.45 1 2169.46 1
13708 474.69 1 2153.17 1
13709 455.40 1 2150.42 1
13710 459.70 1 2150.15 1
13711 455.00 1 2148.01 1
13712 458.82 1 2147.27 1
13713 497.46 1 2145.25 1
13714 457.78 1 2144.55 1
13715 449.76 1 2139.65 1
13716 432.50 1 2148.01 1
13717 538.35 1 4007.63 1
13718 602.63 1 5052.98 1
13719 602.46 1 5056.00 1
13720 602.76 1 5053.55 1
13721 603.01 1 5058.13 1
13722 602.84 1 5055.22 1
13723 603.12 1 5056.71 1
13724 603.12 1 5054.69 1
13725 602.76 1 5058.22 1
13726 602.66 1 5056.71 1
13727 603.11 1 5056.69 1
13728 603.27 1 5054.69 1
13729 603.15 1 5056.99 1
13730 603.46 1 5053.74 1
13731 603.21 1 5056.11 1
13732 603.37 1 5057.91 1
13733 9999.99 2 999999.99 2
13734 9999.99 2 999999.99 2
13735 9999.99 2 999999.99 2
13736 9999.99 2 999999.99 2
13737 9999.99 2 999999.99 2
13738 9999.99 2 999999.99 2
13739 9999.99 2 999999.99 2
13740 9999.99 2 999999.99 2
13741 9999.99 2 999999.99 2
13742 9999.99 2 999999.99 2
13743 9999.99 2 999999.99 2
13744 9999.99 2 999999.99 2
13745 9999.99 2 999999.99 2
13746 9999.99 2 999999.99 2
13747 9999.99 2 999999.99 2
13748 9999.99 2 999999.99 2
13749 9999.99 2 999999.99 2
13750 9999.99 2 999999.99 2
13751 9999.99 2 999999.99 2
13752 9999.99 2 999999.99 2
13753 9999.99 2 999999.99 2
13754 9999.99 2 999999.99 2
13755 9999.99 2 999999.99 2
13756 9999.99 2 999999.99 2
13757 9999.99 2 999999.99 2
13758 9999.99 2 999999.99 2
13759 9999.99 2 999999.99 2
13760 9999.99 2 999999.99 2
13761 9999.99 2 999999.99 2
13762 9999.99 2 999999.99 2
13763 9999.99 2 999999.99 2
13764 9999.99 2 999999.99 2
13765 9999.99 2 999999.99 2
13766 9999.99 2 999999.99 2
13767 9999.99 2 999999.99 2
13768 9999.99 2 999999.99 2
13769 9999.99 2 999999.99 2
13770 9999.99 2 999999.99 2
13771 9999.99 2 999999.99 2
13772 9999.99 2 999999.99 2
13773 9999.99 2 999999.99 2
13774 9999.99 2 999999.99 2
13775 9999.99 2 999999.99 2
13776 9999.99 2 999999.99 2
13777 9999.99 2 999999.99 2
13778 9999.99 2 999999.99 2
13779 9999.99 2 999999.99 2
13780 9999.99 2 999999.99 2
13781 9999.99 2 999999.99 2
13782 9999.99 2 999999.99 2
13783 9999.99 2 999999.99 2
13784 9999.99 2 999999.99 2
13785 9999.99 2 999999.99 2
13786 9999.99 2 999999.99 2
13787 9999.99 2 999999.99 2
13788 9999.99 2 999999.99 2
13789 9999.99 2 999999.99 2
13790 9999.99 2 999999.99 2
13791 9999.99 2 999999.99 2
13792 9999.99 2 999999.99 2
13793 9999.99 2 999999.99 2
13794 9999.99 2 999999.99 2
13795 9999.99 2 999999.99 2
13796 9999.99 2 999999.99 2
13797 9999.99 2 999999.99 2
13798 9999.99 2 999999.99 2
13799 9999.99 2 999999.99 2
13800 9999.99 2 999999.99 2
13801 9999.99 2 999999.99 2
13802 9999.99 2 999999.99 2
13803 9999.99 2 999999.99 2
13804 9999.99 2 999999.99 2
13805 9999.99 2 999999.99 2
13806 9999.99 2 999999.99 2
13807 9999.99 2 999999.99 2
13808 9999.99 2 999999.99 2
13809 9999.99 2 999999.99 2
13810 9999.99 2 999999.99 2
13811 9999.99 2 999999.99 2
13812 9999.99 2 999999.99 2
13813 9999.99 2 999999.99 2
13814 9999.99 2 999999.99 2
13815 9999.99 2 999999.99 2
13816 9999.99 2 999999.99 2
13817 9999.99 2 999999.99 2
13818 9999.99 2 999999.99 2
13819 9999.99 2 999999.99 2
13820 9999.99 2 999999.99 2
13821 9999.99 2 999999.99 2
13822 9999.99 2 999999.99 2
13823 9999.99 2 999999.99 2
13824 9999.99 2 999999.99 2
13825 9999.99 2 999999.99 2
13826 9999.99 2 999999.99 2
13827 9999.99 2 999999.99 2
13828 9999.99 2 999999.99 2
13829 9999.99 2 999999.99 2
13830 9999.99 2 999999.99 2
13831 9999.99 2 999999.99 2
13832 9999.99 2 999999.99 2
13833 9999.99 2 999999.99 2
13834 9999.99 2 999999.99 2
13835 9999.99 2 999999.99 2
13836 9999.99 2 999999.99 2
13837 9999.99 2 999999.99 2
13838 9999.99 2 999999.99 2
13839 9999.99 2 999999.99 2
13840 9999.99 2 999999.99 2
13841 9999.99 2 999999.99 2
13842 9999.99 2 999999.99 2
13843 9999.99 2 999999.99 2
13844 9999.99 2 999999.99 2
13845 9999.99 2 999999.99 2
13846 9999.99 2 999999.99 2
13847 9999.99 2 999999.99 2
13848 9999.99 2 999999.99 2
13849 9999.99 2 999999.99 2
13850 9999.99 2 999999.99 2
13851 9999.99 2 999999.99 2
13852 9999.99 2 999999.99 2
13853 9999.99 2 999999.99 2
13854 9999.99 2 999999.99 2
13855 9999.99 2 999999.99 2
13856 9999.99 2 999999.99 2
13857 9999.99 2 999999.99 2
13858 9999.99 2 999999.99 2
13859 9999.99 2 999999.99 2
13860 408.76 0 1975.73 0
13861 408.77 0 1980.91 0
13862 406.82 0 1991.04 0
13863 407.53 0 1983.09 0
13864 408.20 0 1968.65 0
13865 407.86 0 1978.68 0
13866 408.18 0 1981.73 0
13867 408.76 0 1978.61 0
13868 408.00 0 1980.90 0
